28,1
28,3
34,1
34,3
14,4
67,35
3,2
3,1
3,3
10,273
10,113
10,261
10,151
65,3
10,263
65,2
65,1
10,101
65,0
64,3
64,2
64,1
10,83
64,0
63,5
63,4
63,3
63,2
63,1
10,241
63,0
62,3
62,2
62,1
62,0
61,4
61,3
11,25
61,2
61,1
11,11
61,0
60,7
60,6
60,5
60,4
60,3
60,2
60,1
11,17
60,0
59,3
59,2
59,1
59,0
58,4
58,3
8,18
58,2
58,1
8,11
8,8
8,15
58,0
57,3
57,2
57,1
57,0
56,3
56,2
56,1
56,0
55,3
55,2
55,1
55,0
54,5
54,4
54,3
54,2
54,1
54,0
53,5
53,4
53,3
53,2
53,1
53,0
52,5
52,4
52,3
52,2
52,1
52,0
51,5
51,4
51,3
51,2
51,1
51,0
50,3
50,2
50,1
19,3
50,0
49,3
49,2
49,1
49,0
